TITLE     = "results"
VARIABLES = "x", "qField"
0	-1
0.00125	-0.998484
0.0025	-0.999815
0.00375	-0.997621
0.005	-1.00211
0.00625	-0.999539
0.0075	-0.998951
0.00875	-0.99691
0.01	-1.00277
0.01125	-1.00192
0.0125	-0.997208
0.01375	-0.996648
0.015	-1.00169
0.01625	-1.00531
0.0175	-0.996628
0.01875	-0.995123
0.02	-1.00065
0.02125	-1.00687
0.0225	-1.00005
0.02375	-0.991768
0.025	-0.998979
0.02625	-1.00679
0.0275	-1.00477
0.02875	-0.992165
0.03	-0.992946
0.03125	-1.00643
0.0325	-1.00832
0.03375	-0.997543
0.035	-0.988213
0.03625	-0.999414
0.0375	-1.01229
0.03875	-1.00432
0.04	-0.990187
0.04125	-0.989505
0.0425	-1.00706
0.04375	-1.01412
0.045	-0.997667
0.04625	-0.985715
0.0475	-0.994033
0.04875	-1.01284
0.05	-1.01331
0.05125	-0.99181
0.0525	-0.983371
0.05375	-0.998575
0.055	-1.01663
0.05625	-1.01219
0.0575	-0.98778
0.05875	-0.981374
0.06	-1.00175
0.06125	-1.01927
0.0625	-1.0121
0.06375	-0.986588
0.065	-0.978446
0.06625	-1.00115
0.0675	-1.02176
0.06875	-1.01477
0.07	-0.988252
0.07125	-0.974845
0.0725	-0.995665
0.07375	-1.02256
0.075	-1.02061
0.07625	-0.994284
0.0775	-0.973019
0.07875	-0.984438
0.08	-1.01742
0.08125	-1.02879
0.0825	-1.00614
0.08375	-0.976877
0.085	-0.972215
0.08625	-1.00079
0.0875	-1.03071
0.08875	-1.02484
0.09	-0.991776
0.09125	-0.967651
0.0925	-0.976889
0.09375	-1.01308
0.095	-1.03705
0.09625	-1.02074
0.0975	-0.983399
0.09875	-0.962631
0.1	-0.978179
0.10125	-1.01789
0.1025	-1.0415
0.10375	-1.02323
0.105	-0.983
0.10625	-0.958501
0.1075	-0.971157
0.10875	-1.01266
0.11	-1.04467
0.11125	-1.0351
0.1125	-0.994622
0.11375	-0.958832
0.115	-0.956072
0.11625	-0.992005
0.1175	-1.03757
0.11875	-1.05113
0.12	-1.02327
0.12125	-0.977572
0.1225	-0.946443
0.12375	-0.956405
0.125	-1.00273
0.12625	-1.04704
0.1275	-1.05687
0.12875	-1.02712
0.13	-0.975993
0.13125	-0.939116
0.1325	-0.945014
0.13375	-0.989341
0.135	-1.04101
0.13625	-1.06757
0.1375	-1.0528
0.13875	-1.00265
0.14	-0.948019
0.14125	-0.925698
0.1425	-0.94641
0.14375	-0.997298
0.145	-1.05386
0.14625	-1.08251
0.1475	-1.065
0.14875	-1.01277
0.15	-0.953011
0.15125	-0.91425
0.1525	-0.915307
0.15375	-0.959205
0.155	-1.02513
0.15625	-1.07931
0.1575	-1.10134
0.15875	-1.08191
0.16	-1.025
0.16125	-0.954881
0.1625	-0.900723
0.16375	-0.883368
0.165	-0.906612
0.16625	-0.964395
0.1675	-1.04038
0.16875	-1.10462
0.17	-1.13718
0.17125	-1.13009
0.1725	-1.0846
0.17375	-1.01112
0.175	-0.928409
0.17625	-0.86275
0.1775	-0.82675
0.17875	-0.827583
0.18	-0.868018
0.18125	-0.940938
0.1825	-1.03156
0.18375	-1.11962
0.185	-1.19592
0.18625	-1.24706
0.1875	-1.26346
0.18875	-1.24174
0.19	-1.18692
0.19125	-1.10617
0.1925	-1.00089
0.19375	-0.882904
0.195	-0.760105
0.19625	-0.642615
0.1975	-0.528476
0.19875	-0.425545
0.2	-0.336078
0.20125	-0.262852
0.2025	-0.199667
0.20375	-0.148204
0.205	-0.108798
0.20625	-0.0804964
0.2075	-0.0572427
0.20875	-0.0386958
0.21	-0.0264055
0.21125	-0.0195329
0.2125	-0.0134531
0.21375	-0.00743829
0.215	-0.00417884
0.21625	-0.00403086
0.2175	-0.00337244
0.21875	-0.000875708
0.22	0.000595656
0.22125	-0.000572966
0.2225	-0.00161156
0.22375	-0.000248303
0.225	0.00137222
0.22625	0.000550903
0.2275	-0.00119983
0.22875	-0.000798093
0.23	0.00110489
0.23125	0.00127647
0.2325	-0.000585148
0.23375	-0.00135955
0.235	0.000255432
0.23625	0.00158951
0.2375	0.000427937
0.23875	-0.00135756
0.24	-0.000874644
0.24125	0.0011076
0.2425	0.00141461
0.24375	-0.000462809
0.245	-0.00158935
0.24625	-0.000211219
0.2475	0.00154238
0.24875	0.000973808
0.25	-0.00107685
0.25125	-0.00153542
0.2525	0.000291697
0.25375	0.0017022
0.255	0.000598189
0.25625	-0.00143953
0.2575	-0.00146623
0.25875	0.000565276
0.26	0.00176276
0.26125	0.000422901
0.2625	-0.00160488
0.26375	-0.00152784
0.265	0.000559494
0.26625	0.00183112
0.2675	0.000550377
0.26875	-0.00160501
0.27	-0.00178632
0.27125	0.000256405
0.2725	0.00187431
0.27375	0.000980884
0.275	-0.00131406
0.27625	-0.00213766
0.2775	-0.000452668
0.27875	0.00169093
0.28	0.00164428
0.28125	-0.000540622
0.2825	-0.00229546
0.28375	-0.00148575
0.285	0.000871603
0.28625	0.00219078
0.2875	0.000737432
0.28875	-0.00157997
0.29	-0.00258097
0.29125	-0.000529381
0.2925	0.00148534
0.29375	0.0024758
0.295	-0.000256645
0.29625	-0.00168879
0.2975	-0.0031169
0.29875	0.000576002
0.3	0.00113442
0.30125	0.00351084
0.3025	-0.00120144
0.30375	-0.000861729
0.305	-0.00412973
0.30625	0.0011372
0.3075	0.000832678
0.30875	0.00411107
0.31	1.8687e-05
0.31125	-0.00140312
0.3125	-0.00302943
0.31375	-0.00185172
0.315	0.0024026
0.31625	0.00215786
0.3175	0.0036137
0.31875	-0.00169553
0.32	-0.00227916
0.32125	-0.00346774
0.3225	-0.000958644
0.32375	0.00317271
0.325	0.00266094
0.32625	0.0034563
0.3275	-0.00180792
0.32875	-0.00311151
0.33	-0.00342367
0.33125	-0.00188404
0.3325	0.00340475
0.33375	0.00324444
0.335	0.00415477
0.33625	0.000288956
0.3375	-0.00374985
0.33875	-0.00369815
0.34	-0.00445493
0.34125	0.000770952
0.3425	0.0037369
0.34375	0.00463707
0.345	0.00501137
0.34625	-0.00066962
0.3475	-0.00325728
0.34875	-0.00548659
0.35	-0.00591391
0.35125	-0.000454534
0.3525	0.00227505
0.35375	0.00605955
0.355	0.00747225
0.35625	0.003012
0.3575	0.000245309
0.35875	-0.00504386
0.36	-0.00854925
0.36125	-0.00628069
0.3625	-0.00460167
0.36375	0.00118841
0.365	0.00725629
0.36625	0.00845506
0.3675	0.0099863
0.36875	0.00649332
0.37	-0.000425697
0.37125	-0.00471601
0.3725	-0.0108786
0.37375	-0.0135766
0.375	-0.0106142
0.37625	-0.00778588
0.3775	-0.000441471
0.37875	0.00848862
0.38	0.0133357
0.38125	0.0187188
0.3825	0.0200877
0.38375	0.0151167
0.385	0.00991426
0.38625	0.000564068
0.3875	-0.0118487
0.38875	-0.0208122
0.39	-0.030313
0.39125	-0.0379698
0.3925	-0.0384998
0.39375	-0.0369413
0.395	-0.0310172
0.39625	-0.0170879
0.3975	-0.00115343
0.39875	0.0187526
0.4	0.0453849
0.40125	0.0724705
0.4025	0.101888
0.40375	0.136317
0.405	0.169612
0.40625	0.20354
0.4075	0.24122
0.40875	0.276858
0.41	0.311823
0.41125	0.349872
0.4125	0.385607
0.41375	0.419575
0.415	0.456255
0.41625	0.490901
0.4175	0.522845
0.41875	0.557134
0.42	0.590019
0.42125	0.619341
0.4225	0.650413
0.42375	0.681045
0.425	0.707522
0.42625	0.734727
0.4275	0.762533
0.42875	0.786055
0.43	0.808891
0.43125	0.833231
0.4325	0.853844
0.43375	0.872058
0.435	0.892086
0.43625	0.909728
0.4375	0.923481
0.43875	0.938414
0.44	0.952752
0.44125	0.962481
0.4425	0.971757
0.44375	0.982083
0.445	0.988405
0.44625	0.992049
0.4475	0.997274
0.44875	1.00045
0.45	0.999247
0.45125	0.998477
0.4525	0.998002
0.45375	0.993114
0.455	0.986231
0.45625	0.980927
0.4575	0.97318
0.45875	0.96123
0.46	0.949871
0.46125	0.938903
0.4625	0.92368
0.46375	0.906262
0.465	0.890532
0.46625	0.873086
0.4675	0.851328
0.46875	0.82962
0.47	0.809119
0.47125	0.78528
0.4725	0.758283
0.47375	0.732933
0.475	0.707349
0.47625	0.678076
0.4775	0.64675
0.47875	0.618519
0.48	0.587396
0.48125	0.554917
0.4825	0.518496
0.48375	0.490275
0.485	0.450546
0.48625	0.421465
0.4875	0.372941
0.48875	0.356101
0.49	0.293904
0.49125	0.289099
0.4925	0.203286
0.49375	0.231452
0.495	0.107303
0.49625	0.176057
0.4975	-0.00155973
0.49875	0.13246
0.5	-0.113182
0.50125	0.0855883
0.5025	-0.225067
0.50375	0.0344235
0.505	-0.314931
0.50625	-0.0476416
0.5075	-0.372423
0.50875	-0.163914
0.51	-0.381198
0.51125	-0.322401
0.5125	-0.363329
0.51375	-0.485807
0.515	-0.349815
0.51625	-0.612915
0.5175	-0.402031
0.51875	-0.654766
0.52	-0.530009
0.52125	-0.622939
0.5225	-0.705179
0.52375	-0.58523
0.525	-0.822715
0.52625	-0.629743
0.5275	-0.830943
0.52875	-0.777213
0.53	-0.757861
0.53125	-0.92576
0.5325	-0.742853
0.53375	-0.963143
0.535	-0.854765
0.53625	-0.877894
0.5375	-1.00879
0.53875	-0.833957
0.54	-1.04137
0.54125	-0.928786
0.5425	-0.934607
0.54375	-1.07094
0.545	-0.885306
0.54625	-1.06344
0.5475	-0.991334
0.54875	-0.933611
0.55	-1.1038
0.55125	-0.914572
0.5525	-1.02374
0.55375	-1.03795
0.555	-0.889499
0.55625	-1.07354
0.5575	-0.938627
0.55875	-0.918974
0.56	-1.04411
0.56125	-0.847697
0.5625	-0.95453
0.56375	-0.959451
0.565	-0.791165
0.56625	-0.949832
0.5675	-0.841173
0.56875	-0.764749
0.57	-0.910105
0.57125	-0.724301
0.5725	-0.734404
0.57375	-0.820263
0.575	-0.6177
0.57625	-0.702151
0.5775	-0.711567
0.57875	-0.517974
0.58	-0.640982
0.58125	-0.58619
0.5825	-0.429594
0.58375	-0.566671
0.585	-0.455026
0.58625	-0.332454
0.5875	-0.470701
0.58875	-0.32879
0.59	-0.239642
0.59125	-0.365342
0.5925	-0.197091
0.59375	-0.130316
0.595	-0.252212
0.59625	-0.0786072
0.5975	-0.0238321
0.59875	-0.134768
0.6	0.0466959
0.60125	0.0991012
0.6025	-0.0176299
0.60375	0.154314
0.605	0.215845
0.60625	0.100511
0.6075	0.266354
0.60875	0.346126
0.61	0.218482
0.61125	0.357261
0.6125	0.462632
0.61375	0.334898
0.615	0.446553
0.61625	0.586342
0.6175	0.459332
0.61875	0.517796
0.62	0.683973
0.62125	0.577001
0.6225	0.58154
0.62375	0.774267
0.625	0.711148
0.62625	0.64745
0.6275	0.828963
0.62875	0.823841
0.63	0.706085
0.63125	0.856809
0.6325	0.937936
0.63375	0.798193
0.635	0.867239
0.63625	1.00818
0.6375	0.88606
0.63875	0.854442
0.64	1.02999
0.64125	0.992922
0.6425	0.876438
0.64375	1.01433
0.645	1.07898
0.64625	0.92017
0.6475	0.945294
0.64875	1.0901
0.65	0.990935
0.65125	0.9001
0.6525	1.05056
0.65375	1.07475
0.655	0.91087
0.65625	0.948185
0.6575	1.07291
0.65875	0.951054
0.66	0.840871
0.66125	0.972394
0.6625	1.00211
0.66375	0.834347
0.665	0.841013
0.66625	0.978167
0.6675	0.889302
0.66875	0.734907
0.67	0.814955
0.67125	0.879475
0.6725	0.710981
0.67375	0.624009
0.675	0.751181
0.67625	0.748253
0.6775	0.569539
0.67875	0.564456
0.68	0.696264
0.68125	0.622638
0.6825	0.444212
0.68375	0.478622
0.685	0.570384
0.68625	0.431089
0.6875	0.259536
0.68875	0.317136
0.69	0.378884
0.69125	0.215125
0.6925	0.0742445
0.69375	0.164373
0.695	0.226561
0.69625	0.0721421
0.6975	-0.0335364
0.69875	0.0857195
0.7	0.162655
0.70125	0.0254312
0.7025	-0.0632476
0.70375	0.0683453
0.705	0.163814
0.70625	0.0430167
0.7075	-0.050673
0.70875	0.0748644
0.71	0.192922
0.71125	0.0938108
0.7125	-0.0197228
0.71375	0.0814411
0.715	0.225254
0.71625	0.162286
0.7175	0.0252435
0.71875	0.0811604
0.72	0.245291
0.72125	0.238927
0.7225	0.090404
0.72375	0.0799462
0.725	0.24219
0.72625	0.309682
0.7275	0.181742
0.72875	0.0950611
0.73	0.213847
0.73125	0.352372
0.7325	0.29292
0.73375	0.150409
0.735	0.17723
0.73625	0.345031
0.7375	0.394361
0.73875	0.25984
0.74	0.173707
0.74125	0.289173
0.7425	0.437434
0.74375	0.399486
0.745	0.249791
0.74625	0.234947
0.7475	0.391623
0.74875	0.495413
0.75	0.404
0.75125	0.268085
0.7525	0.303524
0.75375	0.472513
0.755	0.541549
0.75625	0.423492
0.7575	0.301952
0.75875	0.363895
0.76	0.534383
0.76125	0.58784
0.7625	0.463825
0.76375	0.345316
0.765	0.406082
0.76625	0.5775
0.7675	0.642828
0.76875	0.527155
0.77	0.395146
0.77125	0.431022
0.7725	0.599807
0.77375	0.698437
0.775	0.614974
0.77625	0.464717
0.7775	0.445013
0.77875	0.592406
0.78	0.739029
0.78125	0.719652
0.7825	0.569383
0.78375	0.475555
0.785	0.557362
0.78625	0.732422
0.7875	0.81228
0.78875	0.716695
0.79	0.563262
0.79125	0.531295
0.7925	0.664706
0.79375	0.830892
0.795	0.863622
0.79625	0.737262
0.7975	0.593314
0.79875	0.589409
0.8	0.737838
0.80125	0.900215
0.8025	0.925951
0.80375	0.797904
0.805	0.649062
0.80625	0.630188
0.8075	0.766552
0.80875	0.941526
0.81	1.00432
0.81125	0.905665
0.8125	0.742429
0.81375	0.665747
0.815	0.748721
0.81625	0.929979
0.8175	1.06533
0.81875	1.04993
0.82	0.905224
0.82125	0.753832
0.8225	0.721802
0.82375	0.842555
0.825	1.03008
0.82625	1.15078
0.8275	1.12363
0.82875	0.973729
0.83	0.815239
0.83125	0.76618
0.8325	0.865372
0.83375	1.05345
0.835	1.21171
0.83625	1.24254
0.8375	1.13371
0.83875	0.957964
0.84	0.828789
0.84125	0.830304
0.8425	0.965632
0.84375	1.16348
0.845	1.31772
0.84625	1.34772
0.8475	1.2439
0.84875	1.06445
0.85	0.906443
0.85125	0.854334
0.8525	0.93664
0.85375	1.12016
0.855	1.32362
0.85625	1.4594
0.8575	1.47338
0.85875	1.36206
0.86	1.17647
0.86125	0.994129
0.8625	0.8888
0.86375	0.904776
0.865	1.0381
0.86625	1.24668
0.8675	1.46276
0.86875	1.61881
0.87	1.67013
0.87125	1.60262
0.8725	1.43983
0.87375	1.22809
0.875	1.02568
0.87625	0.886041
0.8775	0.843411
0.87875	0.910968
0.88	1.07489
0.88125	1.30548
0.8825	1.56063
0.88375	1.79744
0.885	1.97952
0.88625	2.07997
0.8875	2.08756
0.88875	2.0011
0.89	1.83261
0.89125	1.59871
0.8925	1.32139
0.89375	1.02156
0.895	0.718635
0.89625	0.428242
0.8975	0.161292
0.89875	-0.0748672
0.9	-0.277611
0.90125	-0.446256
0.9025	-0.583338
0.90375	-0.691718
0.905	-0.775838
0.90625	-0.839497
0.9075	-0.886949
0.90875	-0.921493
0.91	-0.946328
0.91125	-0.963783
0.9125	-0.975925
0.91375	-0.984189
0.915	-0.989765
0.91625	-0.993449
0.9175	-0.995865
0.91875	-0.997417
0.92	-0.998408
0.92125	-0.999029
0.9225	-0.999415
0.92375	-0.999651
0.925	-0.999794
0.92625	-0.99988
0.9275	-0.999931
0.92875	-0.99996
0.93	-0.999978
0.93125	-0.999987
0.9325	-0.999993
0.93375	-0.999996
0.935	-0.999998
0.93625	-0.999999
0.9375	-0.999999
0.93875	-1
0.94	-1
0.94125	-1
0.9425	-1
0.94375	-1
0.945	-1
0.94625	-1
0.9475	-1
0.94875	-1
0.95	-1
0.95125	-1
0.9525	-1
0.95375	-1
0.955	-1
0.95625	-1
0.9575	-1
0.95875	-1
0.96	-1
0.96125	-1
0.9625	-1
0.96375	-1
0.965	-1
0.96625	-1
0.9675	-1
0.96875	-1
0.97	-1
0.97125	-1
0.9725	-1
0.97375	-1
0.975	-1
0.97625	-1
0.9775	-1
0.97875	-1
0.98	-1
0.98125	-1
0.9825	-1
0.98375	-1
0.985	-1
0.98625	-1
0.9875	-1
0.98875	-1
0.99	-1
0.99125	-1
0.9925	-1
0.99375	-1
0.995	-1
0.99625	-1
0.9975	-1
0.99875	-1
1	-1
