TITLE     = "results"
VARIABLES = "x", "qField"
0	-0.999971
0.00125	-0.999981
0.0025	-0.999981
0.00375	-0.999988
0.005	-0.999988
0.00625	-0.999992
0.0075	-0.999992
0.00875	-0.999995
0.01	-0.999995
0.01125	-0.999997
0.0125	-0.999997
0.01375	-0.999998
0.015	-0.999998
0.01625	-0.999999
0.0175	-0.999999
0.01875	-0.999999
0.02	-0.999999
0.02125	-1
0.0225	-1
0.02375	-1
0.025	-1
0.02625	-1
0.0275	-1
0.02875	-1
0.03	-1
0.03125	-1
0.0325	-1
0.03375	-1
0.035	-1
0.03625	-1
0.0375	-1
0.03875	-1
0.04	-1
0.04125	-1
0.0425	-1
0.04375	-1
0.045	-1
0.04625	-1
0.0475	-1
0.04875	-1
0.05	-1
0.05125	-1
0.0525	-1
0.05375	-1
0.055	-1
0.05625	-1
0.0575	-1
0.05875	-1
0.06	-1
0.06125	-1
0.0625	-1
0.06375	-1
0.065	-1
0.06625	-1
0.0675	-1
0.06875	-1
0.07	-1
0.07125	-1
0.0725	-1
0.07375	-1
0.075	-1
0.07625	-1
0.0775	-1
0.07875	-1
0.08	-1
0.08125	-1
0.0825	-1
0.08375	-1
0.085	-1
0.08625	-1
0.0875	-1
0.08875	-1
0.09	-1
0.09125	-1
0.0925	-1
0.09375	-1
0.095	-1
0.09625	-1
0.0975	-1
0.09875	-1
0.1	-1
0.10125	-1
0.1025	-0.999999
0.10375	-0.999999
0.105	-0.999999
0.10625	-0.999998
0.1075	-0.999998
0.10875	-0.999997
0.11	-0.999995
0.11125	-0.999993
0.1125	-0.999991
0.11375	-0.999988
0.115	-0.999984
0.11625	-0.999978
0.1175	-0.999972
0.11875	-0.999962
0.12	-0.999952
0.12125	-0.999934
0.1225	-0.999917
0.12375	-0.999888
0.125	-0.999861
0.12625	-0.999815
0.1275	-0.999771
0.12875	-0.999699
0.13	-0.999629
0.13125	-0.999519
0.1325	-0.999413
0.13375	-0.999245
0.135	-0.999086
0.13625	-0.998838
0.1375	-0.998602
0.13875	-0.998241
0.14	-0.997899
0.14125	-0.997383
0.1425	-0.996897
0.14375	-0.996172
0.145	-0.995491
0.14625	-0.994491
0.1475	-0.993556
0.14875	-0.9922
0.15	-0.990936
0.15125	-0.989127
0.1525	-0.987449
0.15375	-0.985075
0.155	-0.982883
0.15625	-0.979818
0.1575	-0.977001
0.15875	-0.973109
0.16	-0.969547
0.16125	-0.964681
0.1625	-0.960246
0.16375	-0.954256
0.165	-0.94882
0.16625	-0.941561
0.1675	-0.934999
0.16875	-0.926332
0.17	-0.918531
0.17125	-0.908336
0.1725	-0.899197
0.17375	-0.88738
0.175	-0.876831
0.17625	-0.863331
0.1775	-0.851327
0.17875	-0.836122
0.18	-0.822657
0.18125	-0.805771
0.1825	-0.790878
0.18375	-0.772384
0.185	-0.756136
0.18625	-0.736156
0.1875	-0.718672
0.18875	-0.697376
0.19	-0.678814
0.19125	-0.656415
0.1925	-0.636968
0.19375	-0.613717
0.195	-0.593609
0.19625	-0.569786
0.1975	-0.549262
0.19875	-0.525162
0.2	-0.50448
0.20125	-0.480407
0.2025	-0.459827
0.20375	-0.43608
0.205	-0.415856
0.20625	-0.392718
0.2075	-0.373086
0.20875	-0.350815
0.21	-0.33199
0.21125	-0.310809
0.2125	-0.292973
0.21375	-0.273068
0.215	-0.256368
0.21625	-0.237882
0.2175	-0.222429
0.21875	-0.205458
0.22	-0.191324
0.22125	-0.175923
0.2225	-0.163142
0.22375	-0.149324
0.225	-0.137898
0.22625	-0.125638
0.2275	-0.115537
0.22875	-0.10478
0.23	-0.0959499
0.23125	-0.086615
0.2325	-0.0789791
0.23375	-0.0709661
0.235	-0.0644346
0.23625	-0.0576298
0.2375	-0.0521027
0.23875	-0.0463853
0.24	-0.0417577
0.24125	-0.0370042
0.2425	-0.0331702
0.24375	-0.0292593
0.245	-0.0261157
0.24625	-0.022931
0.2475	-0.0203799
0.24875	-0.0178129
0.25	-0.0157638
0.25125	-0.0137156
0.2525	-0.0120861
0.25375	-0.0104681
0.255	-0.00918528
0.25625	-0.00791978
0.2575	-0.00691978
0.25875	-0.00593965
0.26	-0.00516775
0.26125	-0.00441599
0.2625	-0.00382591
0.26375	-0.00325485
0.265	-0.00280809
0.26625	-0.00237841
0.2675	-0.00204337
0.26875	-0.00172312
0.27	-0.00147422
0.27125	-0.00123775
0.2725	-0.00105457
0.27375	-0.000881578
0.275	-0.000748004
0.27625	-0.000622612
0.2775	-0.000526104
0.27875	-0.000436039
0.28	-0.000366942
0.28125	-0.000302833
0.2825	-0.000253807
0.28375	-0.00020858
0.285	-0.000174104
0.28625	-0.00014248
0.2875	-0.00011845
0.28875	-9.65314e-05
0.29	-7.9928e-05
0.29125	-6.4868e-05
0.2925	-5.34952e-05
0.29375	-4.32357e-05
0.295	-3.55115e-05
0.29625	-2.85802e-05
0.2975	-2.33761e-05
0.29875	-1.87289e-05
0.3	-1.5247e-05
0.30125	-1.21493e-05
0.3025	-9.82835e-06
0.30375	-7.76467e-06
0.305	-6.20913e-06
0.30625	-4.81465e-06
0.3075	-3.74015e-06
0.30875	-2.74762e-06
0.31	-1.93698e-06
0.31125	-1.13273e-06
0.3125	-3.97572e-07
0.31375	4.18835e-07
0.315	1.27646e-06
0.31625	2.33501e-06
0.3175	3.56687e-06
0.31875	5.17882e-06
0.32	7.1475e-06
0.32125	9.77379e-06
0.3225	1.30306e-05
0.32375	1.73761e-05
0.325	2.27695e-05
0.32625	2.9914e-05
0.3275	3.87409e-05
0.32875	5.03194e-05
0.33	6.45315e-05
0.33125	8.2978e-05
0.3325	0.000105459
0.33375	0.000134328
0.335	0.000169254
0.33625	0.000213636
0.3375	0.000266938
0.33875	0.000333975
0.34	0.000413905
0.34125	0.000513424
0.3425	0.000631236
0.34375	0.000776488
0.345	0.00094723
0.34625	0.00115573
0.3475	0.00139912
0.34875	0.00169356
0.35	0.00203493
0.35125	0.00244414
0.3525	0.00291538
0.35375	0.00347526
0.355	0.00411575
0.35625	0.00487009
0.3575	0.00572741
0.35875	0.00672859
0.36	0.00785914
0.36125	0.00916845
0.3625	0.0106376
0.36375	0.0123253
0.365	0.0142073
0.36625	0.0163522
0.3675	0.0187293
0.36875	0.0214175
0.37	0.0243789
0.37125	0.0277026
0.3725	0.0313422
0.37375	0.0353971
0.375	0.0398114
0.37625	0.0446941
0.3775	0.0499789
0.37875	0.0557833
0.38	0.0620301
0.38125	0.0688439
0.3825	0.0761361
0.38375	0.0840366
0.385	0.0924453
0.38625	0.101496
0.3875	0.111076
0.38875	0.12132
0.39	0.132106
0.39125	0.143568
0.3925	0.155572
0.39375	0.168248
0.395	0.181454
0.39625	0.195316
0.3975	0.209683
0.39875	0.224672
0.4	0.240126
0.40125	0.256156
0.4025	0.272598
0.40375	0.289553
0.405	0.306855
0.40625	0.324592
0.4075	0.3426
0.40875	0.360954
0.41	0.379491
0.41125	0.398274
0.4125	0.417143
0.41375	0.436151
0.415	0.455142
0.41625	0.474158
0.4175	0.493049
0.41875	0.511846
0.42	0.53041
0.42125	0.54876
0.4225	0.566766
0.42375	0.584441
0.425	0.601664
0.42625	0.618441
0.4275	0.63466
0.42875	0.650324
0.43	0.665332
0.43125	0.67968
0.4325	0.693281
0.43375	0.706127
0.435	0.718141
0.43625	0.729316
0.4375	0.739582
0.43875	0.748933
0.44	0.757311
0.44125	0.764709
0.4425	0.771077
0.44375	0.776411
0.445	0.78067
0.44625	0.783851
0.4475	0.785924
0.44875	0.786886
0.45	0.786715
0.45125	0.785411
0.4525	0.782961
0.45375	0.779366
0.455	0.774621
0.45625	0.76873
0.4575	0.761694
0.45875	0.753522
0.46	0.744218
0.46125	0.733796
0.4625	0.722266
0.46375	0.709645
0.465	0.695947
0.46625	0.681193
0.4675	0.665402
0.46875	0.648597
0.47	0.630802
0.47125	0.612044
0.4725	0.592349
0.47375	0.571747
0.475	0.55027
0.47625	0.527948
0.4775	0.504817
0.47875	0.48091
0.48	0.456265
0.48125	0.430919
0.4825	0.40491
0.48375	0.378278
0.485	0.351065
0.48625	0.323312
0.4875	0.295061
0.48875	0.266356
0.49	0.237241
0.49125	0.207761
0.4925	0.17796
0.49375	0.147886
0.495	0.117584
0.49625	0.0871013
0.4975	0.0564842
0.49875	0.0257803
0.5	-0.0049633
0.50125	-0.0356991
0.5025	-0.0663798
0.50375	-0.096958
0.505	-0.127387
0.50625	-0.157619
0.5075	-0.187608
0.50875	-0.217308
0.51	-0.246673
0.51125	-0.275657
0.5125	-0.304216
0.51375	-0.332306
0.515	-0.359884
0.51625	-0.386907
0.5175	-0.413333
0.51875	-0.439122
0.52	-0.464234
0.52125	-0.48863
0.5225	-0.512273
0.52375	-0.535125
0.525	-0.557153
0.52625	-0.578321
0.5275	-0.598598
0.52875	-0.617952
0.53	-0.636353
0.53125	-0.653773
0.5325	-0.670184
0.53375	-0.685562
0.535	-0.699884
0.53625	-0.713126
0.5375	-0.725268
0.53875	-0.736292
0.54	-0.746181
0.54125	-0.754919
0.5425	-0.762493
0.54375	-0.768892
0.545	-0.774105
0.54625	-0.778124
0.5475	-0.780944
0.54875	-0.782559
0.55	-0.782968
0.55125	-0.782169
0.5525	-0.780164
0.55375	-0.776957
0.555	-0.772551
0.55625	-0.766954
0.5575	-0.760175
0.55875	-0.752223
0.56	-0.743112
0.56125	-0.732855
0.5625	-0.721468
0.56375	-0.708968
0.565	-0.695375
0.56625	-0.68071
0.5675	-0.664995
0.56875	-0.648255
0.57	-0.630515
0.57125	-0.611804
0.5725	-0.592148
0.57375	-0.57158
0.575	-0.550131
0.57625	-0.527833
0.5775	-0.504721
0.57875	-0.480831
0.58	-0.4562
0.58125	-0.430865
0.5825	-0.404866
0.58375	-0.378242
0.585	-0.351036
0.58625	-0.323288
0.5875	-0.295041
0.58875	-0.26634
0.59	-0.237228
0.59125	-0.20775
0.5925	-0.177952
0.59375	-0.147879
0.595	-0.117579
0.59625	-0.0870968
0.5975	-0.0564806
0.59875	-0.0257774
0.6	0.00496563
0.60125	0.035701
0.6025	0.0663813
0.60375	0.0969593
0.605	0.127388
0.60625	0.15762
0.6075	0.187609
0.60875	0.217309
0.61	0.246674
0.61125	0.275658
0.6125	0.304218
0.61375	0.332309
0.615	0.359887
0.61625	0.386911
0.6175	0.413339
0.61875	0.439129
0.62	0.464243
0.62125	0.488643
0.6225	0.512289
0.62375	0.535147
0.625	0.557181
0.62625	0.578359
0.6275	0.598646
0.62875	0.618015
0.63	0.636433
0.63125	0.653876
0.6325	0.670315
0.63375	0.68573
0.635	0.700094
0.63625	0.713392
0.6375	0.7256
0.63875	0.736708
0.64	0.746696
0.64125	0.755559
0.6425	0.76328
0.64375	0.769859
0.645	0.775285
0.64625	0.779565
0.6475	0.782688
0.64875	0.784671
0.65	0.785506
0.65125	0.785218
0.6525	0.783802
0.65375	0.781294
0.655	0.777689
0.65625	0.773036
0.6575	0.767329
0.65875	0.760631
0.66	0.752935
0.66125	0.744318
0.6625	0.734772
0.66375	0.724389
0.665	0.713157
0.66625	0.701184
0.6675	0.688456
0.66875	0.675094
0.67	0.661079
0.67125	0.646549
0.6725	0.631478
0.67375	0.61602
0.675	0.600138
0.67625	0.584003
0.6775	0.567569
0.67875	0.551019
0.68	0.534296
0.68125	0.517595
0.6825	0.500847
0.68375	0.484257
0.685	0.467744
0.68625	0.451518
0.6875	0.435488
0.68875	0.419867
0.69	0.404551
0.69125	0.389754
0.6925	0.375361
0.69375	0.361585
0.695	0.348299
0.69625	0.335711
0.6975	0.323685
0.69875	0.31242
0.7	0.301776
0.70125	0.29194
0.7025	0.282764
0.70375	0.274426
0.705	0.266774
0.70625	0.259971
0.7075	0.253866
0.70875	0.248605
0.71	0.244038
0.71125	0.240296
0.7125	0.237233
0.71375	0.234965
0.715	0.233348
0.71625	0.232485
0.7175	0.232238
0.71875	0.232694
0.72	0.233726
0.72125	0.235405
0.7225	0.237613
0.72375	0.240409
0.725	0.243686
0.72625	0.24749
0.7275	0.251724
0.72875	0.256426
0.73	0.261507
0.73125	0.266999
0.7325	0.272821
0.73375	0.278999
0.735	0.285462
0.73625	0.292228
0.7375	0.299239
0.73875	0.306505
0.74	0.313978
0.74125	0.321664
0.7425	0.329522
0.74375	0.337558
0.745	0.345734
0.74625	0.354056
0.7475	0.362493
0.74875	0.371047
0.75	0.379695
0.75125	0.388436
0.7525	0.397251
0.75375	0.406141
0.755	0.41509
0.75625	0.424097
0.7575	0.433151
0.75875	0.442249
0.76	0.451383
0.76125	0.460552
0.7625	0.469749
0.76375	0.478972
0.765	0.488215
0.76625	0.497479
0.7675	0.506758
0.76875	0.516052
0.77	0.525358
0.77125	0.534675
0.7725	0.544
0.77375	0.553334
0.775	0.562674
0.77625	0.572019
0.7775	0.581369
0.77875	0.590724
0.78	0.600081
0.78125	0.609442
0.7825	0.618805
0.78375	0.62817
0.785	0.637537
0.78625	0.646905
0.7875	0.656275
0.78875	0.665645
0.79	0.675016
0.79125	0.684388
0.7925	0.693761
0.79375	0.703134
0.795	0.712507
0.79625	0.72188
0.7975	0.731254
0.79875	0.740628
0.8	0.750002
0.80125	0.759376
0.8025	0.76875
0.80375	0.778123
0.805	0.787497
0.80625	0.79687
0.8075	0.806242
0.80875	0.815614
0.81	0.824984
0.81125	0.834354
0.8125	0.84372
0.81375	0.853086
0.815	0.862446
0.81625	0.871805
0.8175	0.881154
0.81875	0.890503
0.82	0.899834
0.82125	0.909165
0.8225	0.918468
0.82375	0.927773
0.825	0.937032
0.82625	0.946295
0.8275	0.955489
0.82875	0.964688
0.83	0.973783
0.83125	0.982888
0.8325	0.991841
0.83375	1.00081
0.835	1.00956
0.83625	1.01833
0.8375	1.02679
0.83875	1.0353
0.84	1.04337
0.84125	1.0515
0.8425	1.05904
0.84375	1.06668
0.845	1.07351
0.84625	1.0805
0.8475	1.08643
0.84875	1.09257
0.85	1.09734
0.85125	1.10243
0.8525	1.10575
0.85375	1.10952
0.855	1.11108
0.85625	1.11323
0.8575	1.11266
0.85875	1.11289
0.86	1.10982
0.86125	1.10779
0.8625	1.10183
0.86375	1.09719
0.865	1.08795
0.86625	1.08039
0.8675	1.0675
0.86875	1.0567
0.87	1.03984
0.87125	1.02552
0.8725	1.00442
0.87375	0.986383
0.875	0.960871
0.87625	0.938971
0.8775	0.908958
0.87875	0.88315
0.88	0.848666
0.88125	0.819001
0.8825	0.780198
0.88375	0.746835
0.885	0.70399
0.88625	0.667195
0.8875	0.620707
0.88875	0.580851
0.89	0.53123
0.89125	0.488777
0.8925	0.436632
0.89375	0.392124
0.895	0.338138
0.89625	0.292175
0.8975	0.23708
0.89875	0.1903
0.9	0.13485
0.90125	0.087904
0.9025	0.0328471
0.90375	-0.0136284
0.905	-0.0675781
0.90625	-0.11298
0.9075	-0.165167
0.90875	-0.208949
0.91	-0.258796
0.91125	-0.300483
0.9125	-0.347508
0.91375	-0.386709
0.915	-0.430533
0.91625	-0.466948
0.9175	-0.507302
0.91875	-0.540724
0.92	-0.577448
0.92125	-0.607762
0.9225	-0.640794
0.92375	-0.667971
0.925	-0.697343
0.92625	-0.721429
0.9275	-0.747252
0.92875	-0.768358
0.93	-0.790809
0.93125	-0.809098
0.9325	-0.828403
0.93375	-0.844077
0.935	-0.860496
0.93625	-0.873783
0.9375	-0.887599
0.93875	-0.898742
0.94	-0.910243
0.94125	-0.919489
0.9425	-0.928963
0.94375	-0.936554
0.945	-0.944278
0.94625	-0.950447
0.9475	-0.956679
0.94875	-0.96164
0.95	-0.966617
0.95125	-0.970567
0.9525	-0.974502
0.95375	-0.977615
0.955	-0.980696
0.95625	-0.983124
0.9575	-0.985512
0.95875	-0.987389
0.96	-0.989222
0.96125	-0.990658
0.9625	-0.992051
0.96375	-0.993139
0.965	-0.994188
0.96625	-0.995004
0.9675	-0.995787
0.96875	-0.996394
0.97	-0.996972
0.97125	-0.997419
0.9725	-0.997842
0.97375	-0.998168
0.975	-0.998475
0.97625	-0.998711
0.9775	-0.998932
0.97875	-0.999101
0.98	-0.999258
0.98125	-0.999378
0.9825	-0.999489
0.98375	-0.999573
0.985	-0.99965
0.98625	-0.999709
0.9875	-0.999763
0.98875	-0.999804
0.99	-0.999841
0.99125	-0.999869
0.9925	-0.999894
0.99375	-0.999913
0.995	-0.99993
0.99625	-0.999943
0.9975	-0.999954
0.99875	-0.999962
1	-0.999971
